26
45
48
178
311
1270
1620
1825
2501
3069
3259
3375
3417
3596
4398
4800
5203
5221
5726
5942
6213
6226
6418
6689
6698
6744
7427
7682
7916
8340
9311
9533
9746
9816
9866
9873
10129
10401
10570
10714
11186
11551
11881
12086
12411
12420
12571
12578
12817
12876
13135
13299
13532
13610
13620
13648
13929
14960
15035
15140
15293
15842
15895
16201
16364
16429
16609
16838
16927
17100
17135
17198
17311
17381
17415
17446
17715
18584
19154
19468
19529
19543
19564
19630
19674
19727
19759
20172
20362
20494
20796
21127
21511
22238
22259
22267
22316
22870
22887
22929
23222
23409
23702
24041
24146
24165
24307
24504
24552
24608
24618
25426
25474
25514
26002
26240
26269
26793
26843
27509
27539
27947
28106
28175
28471
28652
29144
29262
29684
29790
29957
29964
30003
30057
30472
30549
30585
30736
31334
31426
31460
31746
31774
31849
32094
32469
32509
32873
32993
33065
33637
33882
33908
34171
34251
34270
34404
34530
34547
34804
34865
35159
35191
35513
35620
35965
36202
36239
36565
36626
37322
37527
37559
38020
38051
39040
39233
39282
39399
39402
39439
39530
39620
39758
39790
39797
39992
40066
40154
40410
40667
40892
41043
41204
41261
41314
41374
41529
41658
41747
41794
42080
42623
42651
42893
42902
42962
43063
43170
43222
43237
43544
43830
43849
44092
44124
44231
44328
44557
44893
45359
45479
45529
45538
45791
45793
45914
45980
46025
46126
46700
46753
46828
47300
47376
47413
48245
48497
48993
49044
49094
49132
49218
49366
49393
49403
49411
49421
49434
49492
49775
49951
50076
50082
50135
50178
50182
50248
50304
50336
50370
50453
50588
50815
50830
51089
51406
51486
51629
51727
51852
51879
51885
51895
51985
52077
52085
52191
52285
52459
52594
52782
53394
53432
53663
53677
53696
53922
54040
54098
54235
54732
54799
55057
55169
55223
55395
55473
55533
55756
55862
55916
56033
56049
56776
56928
56968
57171
57224
57230
57309
57320
57412
57510
57663
58490
58620
58698
59073
59192
59361
59450
59695
59767
59882
60235
60384
60496
60532
61458
61522
61760
61938
62094
62272
62346
62348
62354
62407
62422
62533
62564
62625
62626
62800
62989
63109
63260
63316
63330
63416
63812
63915
63956
64016
64115
64121
64192
64475
64526
64553
64624
64656
64894
64912
64923
64952
65322
65323
65362
65585
65708
65874
66060
66075
66189
66387
66441
66444
66584
66603
66804
66877
67101
67195
67356
67358
67385
67647
67794
67863
68023
68105
68134
68438
68715
68729
68901
69269
69426
69505
69553
69721
70168
70322
70484
70612
70631
70632
70703
70755
71391
71515
71542
71991
72008
72028
72157
72248
72585
72693
73140
73208
73566
73700
73872
73908
73965
74133
74144
74194
74376
74413
74474
74592
74631
74671
74721
74744
74870
75132
75190
75208
75304
75323
75367
75499
75659
76181
76223
76359
76424
76519
76523
76571
76604
76622
77046
77248
77298
78046
78162
78401
78446
78491
78555
78625
78693
78701
78868
78881
78883
79133
79146
79293
79612
79914
80181
80182
80514
80607
80643
80946
81151
81214
81467
81564
81573
81752
81813
81841
82130
82131
82150
82237
82254
82447
82464
82767
82811
82945
83162
83170
83201
83358
83518
83542
83564
83674
83816
83940
83960
83972
83977
84000
84126
84211
84359
84400
84431
84515
84632
84657
84734
84752
84785
84835
84847
84919
84987
85033
85116
85180
85209
85216
85316
85326
85373
85401
85762
85838
85860
85993
86031
86134
86142
86953
87032
87040
87186
87243
87364
87469
87496
87499
87552
87566
87645
87896
87938
87978
88059
88153
88348
88461
88908
89256
89307
89405
89429
89435
89755
89844
89900
89988
90036
90157
90167
90257
90304
90345
90387
90403
90415
90464
90516
90562
90822
90969
91055
91099
91261
91276
91453
91619
91764
91815
92043
92069
92094
92228
92268
92403
92447
92465
92557
92688
92782
92893
93034
93038
93208
93392
93502
93828
93862
94038
94114
94427
94456
94507
94508
94519
94559
94598
94627
95275
95315
95706
95787
95867
95974
96000
96105
96223
96285
96309
96486
96515
96534
96608
96640
96657
96734
96866
97154
97293
97514
97639
97795
97956
98127
98171
98208
98291
98368
98535
98574
98807
99032
99913
99966
100194
100224
100236
100374
100553
100693
100821
101099
101102
101287
101298
101383
101501
101584
101634
101684
101817
102136
102201
102416
102920
102963
103007
103046
103111
103142
103194
103292
103809
103979
104649
104663
104765
105102
105117
105203
105265
105329
105501
105913
106040
106046
106048
106049
106146
106151
106313
106335
106444
106488
106498
106778
106787
106796
106942
106982
107053
107081
107105
107207
107216
107345
107536
107913
107998
108146
108395
108492
108504
108590
108716
108766
109013
109165
109245
109304
109434
109588
109755
109760
109795
109917
109928
110001
110021
110065
110104
110164
110344
110401
110407
110631
110715
110743
110789
110803
110920
110933
111284
111305
111316
111412
111466
111511
112409
112478
112837
112861
112920
112974
112990
113025
113105
113231
113276
113485
113659
113710
113782
113800
113806
113958
113961
113994
114063
114131
114174
114192
114296
114374
114426
114499
114550
114652
114716
114785
114935
115027
115098
115130
115136
115406
115471
115497
115519
115624
115776
115810
115939
115972
116421
116422
116772
116793
116880
116933
116979
117167
117207
117490
117616
117746
117776
117895
117982
117990
118094
118334
118449
118489
118652
118936
119090
119211
119254
119336
119367
119492
119502
119520
119606
119650
119819
119877
119915
120103
120145
120245
120249
120274
120315
120598
121245
121376
121411
121485
121856
121994
122003
122057
122129
122403
122531
122614
122626
122703
122712
122832
122833
122903
122919
122972
122981
123009
123084
123228
123251
123311
123351
123391
123463
123535
123540
124039
124085
124118
124294
124346
124355
124410
124500
124961
124983
125165
125214
125262
125307
125504
125599
125668
125671
125709
125834
125868
125971
125987
126085
126159
126348
126565
126846
127013
127059
127155
127237
127346
127557
127645
127664
127708
127870
127905
128213
128483
128493
128757
128805
128997
129002
129099
129454
129468
129587
129592
129775
129939
129940
129985
130003
130326
130341
130433
130520
130580
130593
130632
130644
130663
130671
130673
131053
131101
131176
131305
131365
131393
131397
131539
131681
131852
131867
131960
132291
132426
132428
132587
132598
132692
132742
132856
132909
132939
133400
133422
133423
133481
133598
133789
133815
133909
133949
134145
134186
134210
134219
134314
134341
134695
134763
134835
134896
134961
134968
135191
135256
135531
135561
135663
135760
135762
135789
135846
136001
136046
136129
136184
136301
136317
136445
136563
136670
136790
136855
136899
136939
137066
137247
137278
137323
137394
137407
137445
137527
137562
138179
138265
138326
138567
138629
138631
138688
138776
138841
138848
138891
138990
139003
139106
139191
139304
139357
139364
139495
139542
139580
139665
139779
139794
139852
139914
139915
139950
139953
140040
140081
140181
140231
140292
140478
140564
140664
140895
140963
141063
141153
141178
141199
141254
141350
141427
141843
141968
141981
142263
142444
142457
142474
142498
142537
142583
142586
142627
142629
142659
142710
142751
142918
143032
143094
143224
143349
143464
143784
144722
145545
145802
145813
145994
146104
146180
147121
147405
147944
148132
148285
148711
149330
149463
149464
149486
149526
149851
149855
149907
150224
150399
151236
151244
151510
151682
151685
151777
152138
152377
152406
152546
152999
153538
153559
153596
154226
154511
154715
154936
155231
155294
156182
156282
156806
157583
159169
159493
159598
160194
160389
160563
160839
161030
161114
162942
163316
164051
164093
165519
167262
167344
169540
171008
171199
171972
174189
174691
174734
175203
175935
180602
366
178